          0                0       80000                0
       2500             1902       78500             1902
       5000             3706       77000             3706
       7500             5412       75500             5412
      10000             7020       74000             7020
      12500             8530       72500             8530
      15000             9942       71000             9942
      17500            11256       69500            11256
      20000            12472       68000            12472
      22500            13590       66500            13590
      25000            14610       65000            14610
      27500            15532       63500            15532
      30000            16356       62000            16356
      32500            17082       60500            17082
      35000            17710       59000            17710
      37500            18240       57500            18240
      40000            18672       56000            18672
      42500            19006       54500            19006
      45000            19242       53000            19242
      47500            19380       51500            19380
      50000            19420       50000            19420
COLLISION       50000            19420
